iteracoes=15,x=[1.102295],f(x)=[0.000046]
iteracoes=12,x=[5.322266],f(x)=[-0.000004]
iteracoes=20,x=[49.346809],f(x)=[-0.000089]
