t: 2.0000000000000013
h: 50.00650777804851
p: 7.131066739832241
