a: 0.2
y: 1.0410950822629426
z: 0.4234736831526158
