t: 2.0000000000000013
h: 50.00619250472244
p: 7.131074526167993
