a0 = 115.46158854166768
a1 = 22.048372395833283
