t: 2.0000000000000013
h: 33.30972720817623
p: 5.1103393330387465
