a0 = -574689.6902730601
a1 = 541681.936267858
a2 = -98170.62002896112
a3 = -7387.351994258388
a4 = 1990.3497534103162
