iteracoes=5,x=[1.102101],f(x)=[0.000007]
iteracoes=5,x=[5.322692],f(x)=[0.000026]
iteracoes=13,x=[58.771563],f(x)=[-0.000012]
