t: 2.0000000000000013
h: 50.057446483906695
p: 7.101709620651886
