iteracoes=5,x=[1.101921],f(x)=[-0.000029]
iteracoes=4,x=[5.322982],f(x)=[0.000046]
iteracoes=47,x=[59.878882],f(x)=[-0.000096]
